picFarM 3 1 -25 -24 -23 -22 -20 -13 -15 -14 6 7 -8 -21 -19 -18 -17 -16 5 2 3 4 -12 -11 -10 -9 @ 
debHanM 5 1 -15 -14 6 7 -11 -10 -9 -8 -13 20 22 23 24 25 21 2 3 4 -12 -19 -18 -17 -16 5 @ 
canSubM 3 5 -13 -12 -11 -10 -9 -15 -14 6 7 21 -4 8 16 17 18 19 -3 -2 -1 20 22 23 24 25 $ 
canAlaM 5 1 2 3 4 -21 10 11 12 13 -8 -19 -18 -17 -16 -7 9 -6 14 15 -5 -25 -24 -23 -22 -20 @ 
canJiuM 1 1 2 3 4 5 -13 -12 -11 -10 -9 -8 -25 -24 -23 -22 -21 -20 -19 -18 -17 -16 -15 -14 6 7 @ 
canParM 0 1 2 3 4 5 6 7 8 9 10 11 12 13 14 15 16 17 18 19 20 21 22 23 24 25 $ 
canOrtM 1 1 2 3 4 5 6 7 8 9 10 11 12 13 14 15 16 17 18 19 20 21 22 23 24 25 @ 
canOrLM 0 1 2 3 4 5 6 7 8 9 10 11 12 13 14 15 16 17 18 19 20 21 22 23 24 25 $ 
lodEloM 9 1 2 3 4 -15 -14 6 7 -5 21 -20 -19 -22 -25 -23 -18 -17 -16 -24 -8 -13 -12 -11 -10 -9 @ 
canTroM 2 1 2 -13 -12 -11 -21 9 22 23 24 25 -10 -19 -18 -17 -16 3 4 -20 -15 -14 6 7 8 5 @ 
canSojM 5 1 2 -13 -12 -11 5 -10 6 -20 -15 -14 7 8 -21 -25 -24 -23 -22 -19 -18 -17 -16 3 4 -9 @ 
canVisM 1 1 2 -13 -12 -11 5 -8 -19 -18 -17 -16 3 4 -20 -15 -14 6 7 10 -25 -24 -23 -22 -9 21 @ 
canFriM 2 -7 -6 14 15 20 -4 -3 16 17 18 19 $ 8 -5 11 12 13 -2 -1 -21 9 22 23 24 25 10 $ 
canNerM 0 1 2 -13 -12 -11 5 -8 -7 -6 14 15 20 -4 -3 16 17 18 19 -10 -25 -24 -23 -22 -9 21 @ 
canAlbM 5 1 2 -18 -17 -16 -8 22 23 24 25 12 13 -15 -14 6 7 -19 20 -10 -9 3 4 -21 -11 5 @ 
canMalM 11 1 2 -17 -19 -20 -13 -12 -11 21 -5 22 16 -7 -6 14 23 24 25 18 15 3 4 -10 -9 -8 @ 
picFarM-debHanM 1 1 -25 -24 -23 -22 -20 -13 -15 -14 6 7 8 9 10 11 12 -4 -3 -2 -21 -19 -18 -17 -16 5 @ 
canSubM-canAlaM 2 1 2 3 4 -21 -7 -6 14 15 16 17 18 19 8 9 10 11 12 13 -5 -25 -24 -23 -22 -20 @ 
canOrtM-canOrLM 0 1 2 3 4 5 6 7 8 9 10 11 12 13 14 15 16 17 18 19 20 21 22 23 24 25 $ 
canParM-canOrLM 2 1 2 3 4 5 6 7 8 9 10 11 12 13 14 15 16 17 18 19 20 21 22 23 24 25 $ 
canJiuM-canOrLM 0 1 2 3 4 5 -13 -12 -11 -10 -9 -8 -7 -6 14 15 16 17 18 19 20 21 22 23 24 25 @ 
canJiuM-lodEloM 2 1 2 3 4 5 -13 -12 -11 -10 -9 -8 -7 -6 14 15 16 17 18 19 20 21 22 23 24 25 @ 
canTroM-canSojM 2 1 2 -13 -12 -11 5 -10 -19 -18 -17 -16 3 4 -20 -15 -14 6 7 8 -21 9 22 23 24 25 @ 
canTroM-canVisM 0 1 2 -13 -12 -11 5 -8 -7 -6 14 15 20 -4 -3 16 17 18 19 10 -25 -24 -23 -22 -9 21 @ 
canFriM-canNerM 1 1 2 -13 -12 -11 5 -8 -7 -6 14 15 20 -4 -3 16 17 18 19 -10 -25 -24 -23 -22 -9 21 @ 
canTroM-canNerM 5 1 2 -13 -12 -11 5 -8 -7 -6 14 15 20 -4 -3 16 17 18 19 10 -25 -24 -23 -22 -9 21 @ 
canTroM-canAlbM 2 1 2 -13 -12 -11 5 -8 22 23 24 25 -10 -9 3 4 -21 -20 -15 -14 6 7 -19 -18 -17 -16 @ 
canTroM-canMalM 4 1 2 -13 -12 -11 5 3 4 -10 -9 -8 22 23 24 25 -21 -20 -15 -14 6 7 -19 -18 -17 -16 @ 
canJiuM-canMalM 1 1 2 3 4 5 -13 -12 -11 -10 -9 -8 -7 -6 14 15 16 17 18 19 22 23 24 25 -21 -20 @ 
canSubM-canMalM 3 1 2 3 4 5 -13 -12 -11 -10 -9 -8 -7 -6 14 15 16 17 18 19 21 -25 -24 -23 -22 -20 @ 
picFarM-canMalM 0 1 -25 -24 -23 -22 -20 -13 -15 -14 6 7 8 9 10 11 12 16 17 18 19 21 2 3 4 5 @ 
